period,place,New_cases,Cumulative_cases,New_deaths,Cumulative_deaths
12/24/2020,Chile,1725,590914,11,16228
12/25/2020,Chile,2396,593310,75,16303
12/26/2020,Chile,2521,595831,55,16358
12/27/2020,Chile,2563,598394,46,16404
12/28/2020,Chile,1711,600105,39,16443
12/29/2020,Chile,1923,602028,0,16443
12/30/2020,Chile,1958,603986,45,16488
12/31/2020,Chile,1964,605950,11,16499
1/1/2021,Chile,3023,608973,109,16608
1/2/2021,Chile,3591,612564,52,16660
1/3/2021,Chile,3338,615902,64,16724
1/4/2021,Chile,2289,618191,43,16767
1/5/2021,Chile,2450,620641,0,16767
1/6/2021,Chile,2460,623101,21,16788
1/7/2021,Chile,2382,625483,28,16816
1/8/2021,Chile,3693,629176,97,16913
1/9/2021,Chile,4205,633381,61,16974
1/10/2021,Chile,4361,637742,63,17037
1/11/2021,Chile,4181,641923,59,17096
1/12/2021,Chile,3969,645892,66,17162
1/13/2021,Chile,3243,649135,20,17182
1/14/2021,Chile,3390,652525,22,17204
1/15/2021,Chile,4187,656712,90,17294
1/16/2021,Chile,4468,661180,75,17369
1/17/2021,Chile,4313,665493,66,17435
1/18/2021,Chile,4339,669832,42,17477
1/19/2021,Chile,3918,673750,70,17547
1/20/2021,Chile,3401,677151,26,17573
1/21/2021,Chile,3589,680740,21,17594
1/22/2021,Chile,4367,685107,108,17702
1/23/2021,Chile,4959,690066,84,17786
1/24/2021,Chile,4581,694647,68,17854
1/25/2021,Chile,4463,699110,79,17933
1/26/2021,Chile,4068,703178,66,17999
1/27/2021,Chile,3322,706500,24,18023
1/28/2021,Chile,3388,709888,17,18040
1/29/2021,Chile,4255,714143,134,18174
1/30/2021,Chile,4606,718749,83,18257
1/31/2021,Chile,4151,722900,82,18339
2/1/2021,Chile,4209,727109,113,18452
2/2/2021,Chile,3779,730888,85,18537
2/3/2021,Chile,3147,734035,22,18559
2/4/2021,Chile,2610,736645,17,18576
2/5/2021,Chile,3592,740237,155,18731
2/6/2021,Chile,3782,744019,77,18808
2/7/2021,Chile,4063,748082,87,18895
2/8/2021,Chile,3804,751886,79,18974
2/9/2021,Chile,3464,755350,82,19056
2/10/2021,Chile,2839,758189,28,19084
2/11/2021,Chile,2387,760576,21,19105
2/12/2021,Chile,3731,764307,157,19262
2/13/2021,Chile,4164,768471,83,19345
2/14/2021,Chile,3924,772395,98,19443
2/15/2021,Chile,3814,776209,98,19541
2/16/2021,Chile,3332,779541,83,19624
2/17/2021,Chile,2498,782039,20,19644
2/18/2021,Chile,2275,784314,15,19659
2/19/2021,Chile,3828,788142,139,19798
2/20/2021,Chile,3797,791939,99,19897
2/21/2021,Chile,3906,795845,77,19974
2/22/2021,Chile,3615,799460,68,20042
2/23/2021,Chile,3549,803009,84,20126
2/24/2021,Chile,2308,805317,25,20151
2/25/2021,Chile,2555,807872,22,20173
2/26/2021,Chile,4472,812344,137,20310
2/27/2021,Chile,4585,816929,90,20400
2/28/2021,Chile,4489,821418,76,20476
3/1/2021,Chile,4207,825625,96,20572
3/2/2021,Chile,4145,829770,88,20660
3/3/2021,Chile,2742,832512,24,20684
3/4/2021,Chile,3040,835552,20,20704
3/5/2021,Chile,4567,840119,134,20838
3/6/2021,Chile,5331,845450,90,20928
3/7/2021,Chile,5033,850483,80,21008
3/8/2021,Chile,5302,855785,69,21077
3/9/2021,Chile,4748,860533,86,21163
3/10/2021,Chile,3531,864064,19,21182
3/11/2021,Chile,3885,867949,24,21206
3/12/2021,Chile,5563,873512,156,21362
3/13/2021,Chile,5973,879485,89,21451
3/14/2021,Chile,5894,885379,123,21574
3/15/2021,Chile,5731,891110,100,21674
3/16/2021,Chile,5121,896231,98,21772
3/17/2021,Chile,4551,900782,17,21789
3/18/2021,Chile,4430,905212,27,21816
3/19/2021,Chile,6257,911469,172,21988
3/20/2021,Chile,6584,918053,99,22087
3/21/2021,Chile,7036,925089,93,22180
3/22/2021,Chile,6850,931939,99,22279
3/23/2021,Chile,6155,938094,80,22359
3/24/2021,Chile,4864,942958,25,22384
3/25/2021,Chile,4825,947783,18,22402
3/26/2021,Chile,6979,954762,122,22524
3/27/2021,Chile,7565,962327,63,22587
3/28/2021,Chile,7586,969913,66,22653
3/29/2021,Chile,7330,977243,101,22754
3/30/2021,Chile,7241,984484,316,23070
3/31/2021,Chile,5008,989492,37,23107
4/1/2021,Chile,6046,995538,28,23135
4/2/2021,Chile,7868,1003406,193,23328
4/3/2021,Chile,8079,1011485,93,23421
4/4/2021,Chile,7993,1019478,0,23421
4/5/2021,Chile,7307,1026785,223,23644
4/6/2021,Chile,5827,1032612,33,23677
4/7/2021,Chile,5168,1037780,57,23734
4/8/2021,Chile,5242,1043022,62,23796
4/9/2021,Chile,8248,1051270,183,23979
4/10/2021,Chile,9151,1060421,129,24108
4/11/2021,Chile,8101,1068522,105,24213
4/12/2021,Chile,7977,1076499,133,24346
4/13/2021,Chile,6421,1082920,137,24483
4/14/2021,Chile,5790,1088710,35,24518
4/15/2021,Chile,5557,1094267,30,24548
4/16/2021,Chile,7431,1101698,218,24766
4/17/2021,Chile,7613,1109311,157,24923
4/18/2021,Chile,8037,1117348,132,25055
4/19/2021,Chile,7370,1124718,122,25177
4/20/2021,Chile,6622,1131340,100,25277
4/21/2021,Chile,5095,1136435,40,25317
4/22/2021,Chile,4968,1141403,36,25353
4/23/2021,Chile,6917,1148320,179,25532
4/24/2021,Chile,7582,1155902,109,25641
4/25/2021,Chile,6909,1162811,101,25742
4/26/2021,Chile,6725,1169536,114,25856
4/27/2021,Chile,6078,1175614,119,25975
4/28/2021,Chile,4158,1179772,45,26020
4/29/2021,Chile,4499,1184271,53,26073
12/24/2020,Czechia,14149,660461,112,10776
12/25/2020,Czechia,4402,664863,83,10859
12/26/2020,Czechia,2706,667569,91,10950
12/27/2020,Czechia,3030,670599,94,11044
12/28/2020,Czechia,3741,674340,108,11152
12/29/2020,Czechia,10862,685202,150,11302
12/30/2020,Czechia,16420,701622,127,11429
12/31/2020,Czechia,17039,718661,151,11580
1/1/2021,Czechia,13361,732022,131,11711
1/2/2021,Czechia,3447,735469,116,11827
1/3/2021,Czechia,5012,740481,133,11960
1/4/2021,Czechia,6233,746714,110,12070
1/5/2021,Czechia,12921,759635,187,12257
1/6/2021,Czechia,17332,776967,179,12436
1/7/2021,Czechia,17773,794740,185,12621
1/8/2021,Czechia,14861,809601,179,12800
1/9/2021,Czechia,13115,822716,178,12978
1/10/2021,Czechia,8449,831165,137,13115
1/11/2021,Czechia,4289,835454,157,13272
1/12/2021,Czechia,9345,844799,213,13485
1/13/2021,Czechia,10801,855600,171,13656
1/14/2021,Czechia,10922,866522,200,13856
1/15/2021,Czechia,8083,874605,173,14029
1/16/2021,Czechia,9301,883906,186,14215
1/17/2021,Czechia,5253,889159,123,14338
1/18/2021,Czechia,2693,891852,111,14449
1/19/2021,Czechia,7651,899503,197,14646
1/20/2021,Czechia,9628,909131,174,14820
1/21/2021,Czechia,8228,917359,153,14973
1/22/2021,Czechia,7488,924847,157,15130
1/23/2021,Czechia,8514,933361,140,15270
1/24/2021,Czechia,4256,937617,99,15369
1/25/2021,Czechia,2387,940004,84,15453
1/26/2021,Czechia,6942,946946,165,15618
1/27/2021,Czechia,9209,956155,173,15791
1/28/2021,Czechia,8505,964660,153,15944
1/29/2021,Czechia,7982,972642,128,16072
1/30/2021,Czechia,8072,980714,139,16211
1/31/2021,Czechia,4060,984774,97,16308
2/1/2021,Czechia,2555,987329,84,16392
2/2/2021,Czechia,7185,994514,153,16545
2/3/2021,Czechia,9143,1003657,138,16683
2/4/2021,Czechia,9695,1013352,143,16826
2/5/2021,Czechia,8125,1021477,150,16976
2/6/2021,Czechia,8635,1030112,153,17129
2/7/2021,Czechia,4863,1034975,106,17235
2/8/2021,Czechia,2430,1037405,98,17333
2/9/2021,Czechia,7727,1045132,164,17497
2/10/2021,Czechia,10283,1055415,145,17642
2/11/2021,Czechia,9537,1064952,130,17772
2/12/2021,Czechia,9014,1073966,130,17902
2/13/2021,Czechia,8883,1082849,156,18058
2/14/2021,Czechia,5160,1088009,85,18143
2/15/2021,Czechia,2851,1090860,107,18250
2/16/2021,Czechia,8794,1099654,180,18430
2/17/2021,Czechia,12668,1112322,166,18596
2/18/2021,Czechia,10930,1123252,143,18739
2/19/2021,Czechia,11705,1134957,174,18913
2/20/2021,Czechia,11364,1146321,184,19097
2/21/2021,Czechia,6838,1153159,117,19214
2/22/2021,Czechia,4021,1157180,116,19330
2/23/2021,Czechia,11311,1168491,207,19537
2/24/2021,Czechia,15861,1184352,145,19682
2/25/2021,Czechia,13816,1198168,153,19835
2/26/2021,Czechia,14612,1212780,164,19999
2/27/2021,Czechia,14815,1227595,195,20194
2/28/2021,Czechia,7885,1235480,145,20339
3/1/2021,Czechia,4571,1240051,130,20469
3/2/2021,Czechia,12191,1252242,232,20701
3/3/2021,Czechia,16816,1269058,240,20941
3/4/2021,Czechia,15230,1284288,187,21128
3/5/2021,Czechia,14714,1299002,197,21325
3/6/2021,Czechia,13162,1312164,233,21558
3/7/2021,Czechia,9167,1321331,159,21717
3/8/2021,Czechia,3960,1325291,165,21882
3/9/2021,Czechia,10524,1335815,265,22147
3/10/2021,Czechia,15380,1351195,238,22385
3/11/2021,Czechia,14529,1365724,239,22624
3/12/2021,Czechia,11274,1376998,241,22865
3/13/2021,Czechia,15110,1392108,218,23083
3/14/2021,Czechia,6970,1399078,143,23226
3/15/2021,Czechia,3342,1402420,153,23379
3/16/2021,Czechia,10542,1412962,278,23657
3/17/2021,Czechia,14029,1426991,245,23902
3/18/2021,Czechia,12028,1439019,215,24117
3/19/2021,Czechia,10677,1449696,214,24331
3/20/2021,Czechia,9710,1459406,199,24530
3/21/2021,Czechia,10141,1469547,137,24667
3/22/2021,Czechia,2373,1471920,143,24810
3/23/2021,Czechia,3618,1475538,245,25055
3/24/2021,Czechia,10972,1486510,203,25258
3/25/2021,Czechia,8851,1495361,192,25450
3/26/2021,Czechia,7946,1503307,189,25639
3/27/2021,Czechia,7714,1511021,139,25778
3/28/2021,Czechia,4008,1515029,96,25874
3/29/2021,Czechia,1743,1516772,162,26036
3/30/2021,Czechia,6896,1523668,186,26222
3/31/2021,Czechia,8664,1532332,199,26421
4/1/2021,Czechia,7285,1539617,165,26586
4/2/2021,Czechia,6248,1545865,179,26765
4/3/2021,Czechia,3869,1549734,102,26867
4/4/2021,Czechia,2162,1551896,78,26945
4/5/2021,Czechia,1924,1553820,112,27057
4/6/2021,Czechia,1425,1555245,112,27169
4/7/2021,Czechia,5532,1560777,160,27329
4/8/2021,Czechia,7071,1567848,137,27466
4/9/2021,Czechia,5305,1573153,151,27617
4/10/2021,Czechia,4819,1577972,117,27734
4/11/2021,Czechia,2217,1580189,74,27808
4/12/2021,Czechia,995,1581184,110,27918
4/13/2021,Czechia,3853,1585037,120,28038
4/14/2021,Czechia,5087,1590124,86,28124
4/15/2021,Czechia,3723,1593847,105,28229
4/16/2021,Czechia,3256,1597103,88,28317
4/17/2021,Czechia,3238,1600341,79,28396
4/18/2021,Czechia,6,1600347,30,28426
4/19/2021,Czechia,2364,1602711,106,28532
4/20/2021,Czechia,3319,1606030,108,28640
4/21/2021,Czechia,3831,1609861,71,28711
4/22/2021,Czechia,2971,1612832,76,28787
4/23/2021,Czechia,2629,1615461,76,28863
4/24/2021,Czechia,2607,1618068,57,28920
4/25/2021,Czechia,8,1618076,26,28946
4/26/2021,Czechia,2130,1620206,56,29002
4/27/2021,Czechia,2571,1622777,73,29075
4/28/2021,Czechia,3256,1626033,66,29141
12/24/2020,France,14836,2463379,276,61602
12/25/2020,France,21496,2484875,290,61892
12/26/2020,France,20198,2505073,159,62051
12/27/2020,France,2459,2507532,146,62197
12/28/2020,France,8816,2516348,173,62370
12/29/2020,France,2757,2519105,362,62732
12/30/2020,France,11295,2530400,969,63701
12/31/2020,France,26308,2556708,303,64004
1/1/2021,France,19712,2576420,250,64254
1/2/2021,France,19241,2595661,133,64387
1/3/2021,France,3466,2599127,156,64543
1/4/2021,France,12489,2611616,116,64659
1/5/2021,France,3569,2615185,376,65035
1/6/2021,France,20366,2635551,867,65902
1/7/2021,France,25189,2660740,282,66184
1/8/2021,France,21510,2682250,276,66460
1/9/2021,France,19408,2701658,589,67049
1/10/2021,France,20034,2721692,168,67217
1/11/2021,France,15809,2737501,151,67368
1/12/2021,France,3155,2740656,689,68057
1/13/2021,France,19603,2760259,362,68419
1/14/2021,France,23649,2783908,229,68648
1/15/2021,France,20744,2804652,280,68928
1/16/2021,France,21112,2825764,633,69561
1/17/2021,France,21207,2846971,192,69753
1/18/2021,France,16642,2863613,141,69894
1/19/2021,France,3052,2866665,401,70295
1/20/2021,France,23347,2890012,656,70951
1/21/2021,France,26565,2916577,310,71261
1/22/2021,France,22551,2939128,346,71607
1/23/2021,France,22609,2961737,648,72255
1/24/2021,France,23522,2985259,229,72484
1/25/2021,France,18435,3003694,172,72656
1/26/2021,France,4012,3007706,445,73101
1/27/2021,France,22009,3029715,612,73713
1/28/2021,France,26483,3056198,349,74062
1/29/2021,France,23347,3079545,343,74405
1/30/2021,France,22670,3102215,819,75224
1/31/2021,France,24136,3126351,242,75466
2/1/2021,France,19235,3145586,195,75661
2/2/2021,France,3669,3149255,453,76114
2/3/2021,France,22871,3172126,726,76840
2/4/2021,France,25904,3198030,353,77193
2/5/2021,France,23148,3221178,355,77548
2/6/2021,France,20741,3241919,650,78198
2/7/2021,France,20586,3262505,191,78389
2/8/2021,France,19715,3282220,171,78560
2/9/2021,France,3566,3285786,456,79016
2/10/2021,France,18570,3304356,721,79737
2/11/2021,France,24631,3328987,295,80032
2/12/2021,France,20406,3349393,357,80389
2/13/2021,France,20279,3369672,644,81033
2/14/2021,France,20044,3389716,192,81225
2/15/2021,France,16546,3406262,167,81392
2/16/2021,France,4241,3410503,409,81801
2/17/2021,France,19223,3429726,582,82383
2/18/2021,France,23919,3453645,309,82692
2/19/2021,France,22490,3476135,267,82959
2/20/2021,France,23170,3499305,565,83524
2/21/2021,France,21944,3521249,183,83707
2/22/2021,France,22046,3543295,159,83866
2/23/2021,France,3760,3547055,327,84193
2/24/2021,France,19775,3566830,428,84621
2/25/2021,France,30665,3597495,273,84894
2/26/2021,France,25180,3622675,257,85151
2/27/2021,France,24537,3647212,536,85687
2/28/2021,France,23996,3671208,185,85872
3/1/2021,France,19213,3690421,114,85986
3/2/2021,France,4703,3695124,375,86361
3/3/2021,France,22148,3717272,410,86771
3/4/2021,France,26788,3744060,322,87093
3/5/2021,France,24739,3768799,278,87371
3/6/2021,France,22725,3791524,405,87776
3/7/2021,France,23306,3814830,196,87972
3/8/2021,France,21650,3836480,127,88099
3/9/2021,France,5229,3841709,358,88457
3/10/2021,France,22626,3864335,356,88813
3/11/2021,France,30112,3894447,264,89077
3/12/2021,France,27166,3921613,265,89342
3/13/2021,France,25120,3946733,290,89632
3/14/2021,France,29256,3975989,168,89800
3/15/2021,France,26140,4002129,132,89932
3/16/2021,France,6471,4008600,333,90265
3/17/2021,France,29145,4037745,392,90657
3/18/2021,France,38424,4076169,236,90893
3/19/2021,France,34936,4111105,269,91162
3/20/2021,France,35066,4146171,267,91429
3/21/2021,France,34658,4180829,184,91613
3/22/2021,France,30581,4211410,138,91751
3/23/2021,France,37572,4248982,343,92094
3/24/2021,France,23734,4272716,269,92363
3/25/2021,France,33389,4306105,245,92608
3/26/2021,France,45401,4351506,223,92831
3/27/2021,France,41869,4393375,897,93728
3/28/2021,France,41812,4435187,156,93884
3/29/2021,France,37014,4472201,158,94042
3/30/2021,France,9094,4481295,360,94402
3/31/2021,France,29575,4510870,361,94763
4/1/2021,France,58828,4569698,299,95062
4/2/2021,France,50659,4620357,304,95366
4/3/2021,France,45520,4665877,318,95684
4/4/2021,France,13917,4679794,185,95869
4/5/2021,France,66794,4746588,157,96026
4/6/2021,France,12335,4758923,228,96254
4/7/2021,France,48646,4807569,412,96666
4/8/2021,France,30785,4838354,433,97099
4/9/2021,France,23638,4861992,331,97430
4/10/2021,France,39963,4901955,319,97749
4/11/2021,France,43283,4945238,207,97956
4/12/2021,France,34895,4980133,176,98132
4/13/2021,France,7556,4987689,373,98505
4/14/2021,France,38956,5026645,345,98850
4/15/2021,France,43354,5069999,295,99145
4/16/2021,France,37936,5107935,297,99442
4/17/2021,France,36360,5144295,302,99744
4/18/2021,France,34218,5178513,177,99921
4/19/2021,France,29344,5207857,169,100090
4/20/2021,France,6636,5214493,446,100536
4/21/2021,France,42553,5257046,381,100917
4/22/2021,France,34368,5291414,313,101230
4/23/2021,France,34034,5325448,283,101513
4/24/2021,France,32192,5357640,331,101844
4/25/2021,France,32500,5390140,187,102031
4/26/2021,France,22849,5412989,153,102184
4/27/2021,France,4914,5417903,391,102575
4/28/2021,France,29980,5447883,315,102890
12/24/2020,Germany,32195,1587115,802,28770
12/25/2020,Germany,25533,1612648,412,29182
12/26/2020,Germany,14455,1627103,240,29422
12/27/2020,Germany,13755,1640858,356,29778
12/28/2020,Germany,10976,1651834,348,30126
12/29/2020,Germany,12892,1664726,852,30978
12/30/2020,Germany,22459,1687185,1129,32107
12/31/2020,Germany,32552,1719737,964,33071
1/1/2021,Germany,22924,1742661,553,33624
1/2/2021,Germany,12690,1755351,336,33960
1/3/2021,Germany,10315,1765666,312,34272
1/4/2021,Germany,9847,1775513,302,34574
1/5/2021,Germany,11897,1787410,944,35518
1/6/2021,Germany,21237,1808647,1019,36537
1/7/2021,Germany,26391,1835038,1070,37607
1/8/2021,Germany,31849,1866887,1188,38795
1/9/2021,Germany,24694,1891581,1083,39878
1/10/2021,Germany,16946,1908527,465,40343
1/11/2021,Germany,12497,1921024,343,40686
1/12/2021,Germany,12802,1933826,891,41577
1/13/2021,Germany,19600,1953426,1060,42637
1/14/2021,Germany,25164,1978590,1244,43881
1/15/2021,Germany,22368,2000958,1113,44994
1/16/2021,Germany,18678,2019636,980,45974
1/17/2021,Germany,13882,2033518,445,46419
1/18/2021,Germany,7141,2040659,214,46633
1/19/2021,Germany,11369,2052028,989,47622
1/20/2021,Germany,15974,2068002,1148,48770
1/21/2021,Germany,20398,2088400,1013,49783
1/22/2021,Germany,17862,2106262,859,50642
1/23/2021,Germany,16417,2122679,879,51521
1/24/2021,Germany,12257,2134936,349,51870
1/25/2021,Germany,6729,2141665,217,52087
1/26/2021,Germany,6412,2148077,903,52990
1/27/2021,Germany,13202,2161279,982,53972
1/28/2021,Germany,17549,2178828,941,54913
1/29/2021,Germany,14022,2192850,839,55752
1/30/2021,Germany,12321,2205171,794,56546
1/31/2021,Germany,11192,2216363,399,56945
2/1/2021,Germany,5608,2221971,175,57120
2/2/2021,Germany,6114,2228085,861,57981
2/3/2021,Germany,9705,2237790,975,58956
2/4/2021,Germany,14211,2252001,786,59742
2/5/2021,Germany,12908,2264909,855,60597
2/6/2021,Germany,10485,2275394,689,61286
2/7/2021,Germany,8616,2284010,231,61517
2/8/2021,Germany,4535,2288545,158,61675
2/9/2021,Germany,3379,2291924,481,62156
2/10/2021,Germany,8072,2299996,813,62969
2/11/2021,Germany,10237,2310233,666,63635
2/12/2021,Germany,9860,2320093,556,64191
2/13/2021,Germany,8354,2328447,551,64742
2/14/2021,Germany,6114,2334561,218,64960
2/15/2021,Germany,4426,2338987,116,65076
2/16/2021,Germany,3856,2342843,528,65604
2/17/2021,Germany,7556,2350399,560,66164
2/18/2021,Germany,10207,2360606,534,66698
2/19/2021,Germany,9113,2369719,508,67206
2/20/2021,Germany,9164,2378883,490,67696
2/21/2021,Germany,7676,2386559,145,67841
2/22/2021,Germany,4369,2390928,62,67903
2/23/2021,Germany,3883,2394811,415,68318
2/24/2021,Germany,8007,2402818,422,68740
2/25/2021,Germany,11869,2414687,385,69125
2/26/2021,Germany,9997,2424684,394,69519
2/27/2021,Germany,9762,2434446,369,69888
2/28/2021,Germany,7890,2442336,157,70045
3/1/2021,Germany,4732,2447068,60,70105
3/2/2021,Germany,3943,2451011,358,70463
3/3/2021,Germany,9019,2460030,418,70881
3/4/2021,Germany,11912,2471942,359,71240
3/5/2021,Germany,10580,2482522,264,71504
3/6/2021,Germany,9557,2492079,300,71804
3/7/2021,Germany,8103,2500182,96,71900
3/8/2021,Germany,5011,2505193,34,71934
3/9/2021,Germany,4252,2509445,255,72189
3/10/2021,Germany,9146,2518591,300,72489
3/11/2021,Germany,14356,2532947,321,72810
3/12/2021,Germany,12834,2545781,252,73062
3/13/2021,Germany,12674,2558455,239,73301
3/14/2021,Germany,10790,2569245,70,73371
3/15/2021,Germany,6604,2575849,47,73418
3/16/2021,Germany,5480,2581329,238,73656
3/17/2021,Germany,13435,2594764,249,73905
3/18/2021,Germany,17504,2612268,227,74132
3/19/2021,Germany,17482,2629750,226,74358
3/20/2021,Germany,16033,2645783,207,74565
3/21/2021,Germany,13733,2659516,99,74664
3/22/2021,Germany,7709,2667225,50,74714
3/23/2021,Germany,7485,2674710,250,74964
3/24/2021,Germany,15813,2690523,248,75212
3/25/2021,Germany,22657,2713180,228,75440
3/26/2021,Germany,21573,2734753,183,75623
3/27/2021,Germany,20472,2755225,157,75780
3/28/2021,Germany,17176,2772401,90,75870
3/29/2021,Germany,9872,2782273,43,75913
3/30/2021,Germany,9549,2791822,180,76093
3/31/2021,Germany,17051,2808873,249,76342
4/1/2021,Germany,24300,2833173,201,76543
4/2/2021,Germany,21888,2855061,232,76775
4/3/2021,Germany,18129,2873190,120,76895
4/4/2021,Germany,12196,2885386,68,76963
4/5/2021,Germany,8497,2893883,50,77013
4/6/2021,Germany,6885,2900768,90,77103
4/7/2021,Germany,9677,2910445,298,77401
4/8/2021,Germany,20407,2930852,306,77707
4/9/2021,Germany,25464,2956316,296,78003
4/10/2021,Germany,24097,2980413,246,78249
4/11/2021,Germany,17855,2998268,104,78353
4/12/2021,Germany,13245,3011513,99,78452
4/13/2021,Germany,10810,3022323,294,78746
4/14/2021,Germany,21693,3044016,342,79088
4/15/2021,Germany,29426,3073442,293,79381
4/16/2021,Germany,25831,3099273,247,79628
4/17/2021,Germany,23804,3123077,219,79847
4/18/2021,Germany,19185,3142262,67,79914
4/19/2021,Germany,0,3142262,0,79914
4/20/2021,Germany,21046,3163308,389,80303
4/21/2021,Germany,24884,3188192,331,80634
4/22/2021,Germany,29518,3217710,259,80893
4/23/2021,Germany,27543,3245253,265,81158
4/24/2021,Germany,23392,3268645,286,81444
4/25/2021,Germany,18773,3287418,120,81564
4/26/2021,Germany,11907,3299325,60,81624
4/27/2021,Germany,10976,3310301,344,81968
4/28/2021,Germany,22231,3332532,312,82280
12/24/2020,Iceland,16,5683,0,28
12/25/2020,Iceland,0,5683,0,28
12/26/2020,Iceland,0,5683,0,28
12/27/2020,Iceland,0,5683,0,28
12/28/2020,Iceland,43,5726,0,28
12/29/2020,Iceland,10,5736,1,29
12/30/2020,Iceland,18,5754,0,29
12/31/2020,Iceland,0,5754,0,29
1/1/2021,Iceland,0,5754,0,29
1/2/2021,Iceland,0,5754,0,29
1/3/2021,Iceland,0,5754,0,29
1/4/2021,Iceland,41,5795,0,29
1/5/2021,Iceland,0,5795,0,29
1/6/2021,Iceland,16,5811,0,29
1/7/2021,Iceland,21,5832,0,29
1/8/2021,Iceland,13,5845,0,29
1/9/2021,Iceland,22,5867,0,29
1/10/2021,Iceland,13,5880,0,29
1/11/2021,Iceland,10,5890,0,29
1/12/2021,Iceland,8,5898,0,29
1/13/2021,Iceland,14,5912,0,29
1/14/2021,Iceland,23,5935,0,29
1/15/2021,Iceland,13,5948,0,29
1/16/2021,Iceland,8,5956,0,29
1/17/2021,Iceland,0,5956,0,29
1/18/2021,Iceland,0,5956,0,29
1/19/2021,Iceland,14,5970,0,29
1/20/2021,Iceland,0,5970,0,29
1/21/2021,Iceland,5,5975,0,29
1/22/2021,Iceland,6,5981,0,29
1/23/2021,Iceland,0,5981,0,29
1/24/2021,Iceland,0,5981,0,29
1/25/2021,Iceland,9,5990,0,29
1/26/2021,Iceland,0,5990,0,29
1/27/2021,Iceland,2,5992,0,29
1/28/2021,Iceland,8,6000,0,29
1/29/2021,Iceland,1,6001,0,29
1/30/2021,Iceland,1,6002,0,29
1/31/2021,Iceland,0,6002,0,29
2/1/2021,Iceland,7,6009,0,29
2/2/2021,Iceland,0,6009,0,29
2/3/2021,Iceland,2,6011,0,29
2/4/2021,Iceland,2,6013,0,29
2/5/2021,Iceland,3,6016,0,29
2/6/2021,Iceland,4,6020,0,29
2/7/2021,Iceland,0,6020,0,29
2/8/2021,Iceland,0,6020,0,29
2/9/2021,Iceland,0,6020,0,29
2/10/2021,Iceland,5,6025,0,29
2/11/2021,Iceland,1,6026,0,29
2/12/2021,Iceland,0,6026,0,29
2/13/2021,Iceland,7,6033,0,29
2/14/2021,Iceland,0,6033,0,29
2/15/2021,Iceland,0,6033,0,29
2/16/2021,Iceland,6,6039,0,29
2/17/2021,Iceland,0,6039,0,29
2/18/2021,Iceland,5,6044,0,29
2/19/2021,Iceland,0,6044,0,29
2/20/2021,Iceland,1,6045,0,29
2/21/2021,Iceland,0,6045,0,29
2/22/2021,Iceland,0,6045,0,29
2/23/2021,Iceland,4,6049,0,29
2/24/2021,Iceland,0,6049,0,29
2/25/2021,Iceland,0,6049,0,29
2/26/2021,Iceland,0,6049,0,29
2/27/2021,Iceland,0,6049,0,29
2/28/2021,Iceland,0,6049,0,29
3/1/2021,Iceland,5,6054,0,29
3/2/2021,Iceland,1,6055,0,29
3/3/2021,Iceland,0,6055,0,29
3/4/2021,Iceland,3,6058,0,29
3/5/2021,Iceland,0,6058,0,29
3/6/2021,Iceland,1,6059,0,29
3/7/2021,Iceland,0,6059,0,29
3/8/2021,Iceland,5,6064,0,29
3/9/2021,Iceland,0,6064,0,29
3/10/2021,Iceland,3,6067,0,29
3/11/2021,Iceland,2,6069,0,29
3/12/2021,Iceland,3,6072,0,29
3/13/2021,Iceland,0,6072,0,29
3/14/2021,Iceland,0,6072,0,29
3/15/2021,Iceland,11,6083,0,29
3/16/2021,Iceland,0,6083,0,29
3/17/2021,Iceland,4,6087,0,29
3/18/2021,Iceland,4,6091,0,29
3/19/2021,Iceland,0,6091,0,29
3/20/2021,Iceland,6,6097,0,29
3/21/2021,Iceland,0,6097,0,29
3/22/2021,Iceland,22,6119,0,29
3/23/2021,Iceland,0,6119,0,29
3/24/2021,Iceland,3,6122,0,29
3/25/2021,Iceland,36,6158,0,29
3/26/2021,Iceland,5,6163,0,29
3/27/2021,Iceland,0,6163,0,29
3/28/2021,Iceland,0,6163,0,29
3/29/2021,Iceland,0,6163,0,29
3/30/2021,Iceland,20,6183,0,29
3/31/2021,Iceland,11,6194,0,29
4/1/2021,Iceland,11,6205,0,29
4/2/2021,Iceland,0,6205,0,29
4/3/2021,Iceland,0,6205,0,29
4/4/2021,Iceland,20,6225,0,29
4/5/2021,Iceland,0,6225,0,29
4/6/2021,Iceland,16,6241,0,29
4/7/2021,Iceland,0,6241,0,29
4/8/2021,Iceland,10,6251,0,29
4/9/2021,Iceland,5,6256,0,29
4/10/2021,Iceland,2,6258,0,29
4/11/2021,Iceland,0,6258,0,29
4/12/2021,Iceland,0,6258,0,29
4/13/2021,Iceland,9,6267,0,29
4/14/2021,Iceland,7,6274,0,29
4/15/2021,Iceland,1,6275,0,29
4/16/2021,Iceland,4,6279,0,29
4/17/2021,Iceland,7,6286,0,29
4/18/2021,Iceland,0,6286,0,29
4/19/2021,Iceland,0,6286,0,29
4/20/2021,Iceland,43,6329,0,29
4/21/2021,Iceland,21,6350,0,29
4/22/2021,Iceland,12,6362,0,29
4/23/2021,Iceland,17,6379,0,29
4/24/2021,Iceland,11,6390,0,29
4/25/2021,Iceland,0,6390,0,29
4/26/2021,Iceland,0,6390,0,29
4/27/2021,Iceland,39,6429,0,29
4/28/2021,Iceland,18,6447,0,29
12/24/2020,Italy,13908,1991278,553,70395
12/25/2020,Italy,18039,2009317,505,70900
12/26/2020,Italy,19037,2028354,459,71359
12/27/2020,Italy,10405,2038759,261,71620
12/28/2020,Italy,8937,2047696,305,71925
12/29/2020,Italy,8581,2056277,445,72370
12/30/2020,Italy,11210,2067487,659,73029
12/31/2020,Italy,16202,2083689,575,73604
1/1/2021,Italy,23477,2107166,555,74159
1/2/2021,Italy,22210,2129376,462,74621
1/3/2021,Italy,11825,2141201,364,74985
1/4/2021,Italy,14245,2155446,347,75332
1/5/2021,Italy,10798,2166244,348,75680
1/6/2021,Italy,15375,2181619,649,76329
1/7/2021,Italy,20326,2201945,548,76877
1/8/2021,Italy,18416,2220361,414,77291
1/9/2021,Italy,17529,2237890,620,77911
1/10/2021,Italy,19976,2257866,483,78394
1/11/2021,Italy,18625,2276491,361,78755
1/12/2021,Italy,12530,2289021,448,79203
1/13/2021,Italy,14242,2303263,616,79819
1/14/2021,Italy,15773,2319036,507,80326
1/15/2021,Italy,17243,2336279,522,80848
1/16/2021,Italy,16144,2352423,477,81325
1/17/2021,Italy,16310,2368733,475,81800
1/18/2021,Italy,12544,2381277,377,82177
1/19/2021,Italy,8825,2390102,377,82554
1/20/2021,Italy,10496,2400598,603,83157
1/21/2021,Italy,13568,2414166,524,83681
1/22/2021,Italy,14055,2428221,521,84202
1/23/2021,Italy,13633,2441854,472,84674
1/24/2021,Italy,13331,2455185,488,85162
1/25/2021,Italy,11628,2466813,299,85461
1/26/2021,Italy,8559,2475372,420,85881
1/27/2021,Italy,10584,2485956,541,86422
1/28/2021,Italy,15191,2501147,467,86889
1/29/2021,Italy,14360,2515507,492,87381
1/30/2021,Italy,13563,2529070,477,87858
1/31/2021,Italy,12713,2541783,421,88279
2/1/2021,Italy,11249,2553032,237,88516
2/2/2021,Italy,7925,2560957,329,88845
2/3/2021,Italy,9651,2570608,499,89344
2/4/2021,Italy,13182,2583790,476,89820
2/5/2021,Italy,13656,2597446,421,90241
2/6/2021,Italy,14213,2611659,377,90618
2/7/2021,Italy,13439,2625098,385,91003
2/8/2021,Italy,11640,2636738,270,91273
2/9/2021,Italy,7969,2644707,307,91580
2/10/2021,Italy,10612,2655319,422,92002
2/11/2021,Italy,12947,2668266,336,92338
2/12/2021,Italy,15137,2683403,391,92729
2/13/2021,Italy,13893,2697296,316,93045
2/14/2021,Italy,13523,2710819,311,93356
2/15/2021,Italy,11060,2721879,221,93577
2/16/2021,Italy,7344,2729223,258,93835
2/17/2021,Italy,10368,2739591,336,94171
2/18/2021,Italy,12066,2751657,369,94540
2/19/2021,Italy,13755,2765412,347,94887
2/20/2021,Italy,15470,2780882,348,95235
2/21/2021,Italy,14914,2795796,251,95486
2/22/2021,Italy,13450,2809246,232,95718
2/23/2021,Italy,9617,2818863,274,95992
2/24/2021,Italy,13299,2832162,356,96348
2/25/2021,Italy,16402,2848564,318,96666
2/26/2021,Italy,19871,2868435,308,96974
2/27/2021,Italy,20488,2888923,253,97227
2/28/2021,Italy,18902,2907825,280,97507
3/1/2021,Italy,17440,2925265,192,97699
3/2/2021,Italy,13106,2938371,246,97945
3/3/2021,Italy,17063,2955434,343,98288
3/4/2021,Italy,20840,2976274,347,98635
3/5/2021,Italy,22845,2999119,339,98974
3/6/2021,Italy,24010,3023129,297,99271
3/7/2021,Italy,23633,3046762,307,99578
3/8/2021,Italy,20724,3067486,207,99785
3/9/2021,Italy,13882,3081368,318,100103
3/10/2021,Italy,19725,3101093,376,100479
3/11/2021,Italy,22275,3123368,332,100811
3/12/2021,Italy,25649,3149017,373,101184
3/13/2021,Italy,26790,3175807,380,101564
3/14/2021,Italy,26031,3201838,317,101881
3/15/2021,Italy,21304,3223142,264,102145
3/16/2021,Italy,15252,3238394,354,102499
3/17/2021,Italy,20376,3258770,502,103001
3/18/2021,Italy,23040,3281810,431,103432
3/19/2021,Italy,24901,3306711,423,103855
3/20/2021,Italy,25707,3332418,386,104241
3/21/2021,Italy,23913,3356331,401,104642
3/22/2021,Italy,20045,3376376,300,104942
3/23/2021,Italy,24501,3400877,386,105328
3/24/2021,Italy,18739,3419616,551,105879
3/25/2021,Italy,21246,3440862,460,106339
3/26/2021,Italy,23681,3464543,460,106799
3/27/2021,Italy,24076,3488619,457,107256
3/28/2021,Italy,23834,3512453,380,107636
3/29/2021,Italy,19604,3532057,297,107933
3/30/2021,Italy,12900,3544957,417,108350
3/31/2021,Italy,16055,3561012,529,108879
4/1/2021,Italy,23887,3584899,467,109346
4/2/2021,Italy,22184,3607083,501,109847
4/3/2021,Italy,21917,3629000,481,110328
4/4/2021,Italy,21247,3650247,376,110704
4/5/2021,Italy,18017,3668264,326,111030
4/6/2021,Italy,10680,3678944,296,111326
4/7/2021,Italy,7763,3686707,421,111747
4/8/2021,Italy,13686,3700393,627,112374
4/9/2021,Italy,17209,3717602,487,112861
4/10/2021,Italy,18924,3736526,718,113579
4/11/2021,Italy,17551,3754077,344,113923
4/12/2021,Italy,15737,3769814,331,114254
4/13/2021,Italy,9780,3779594,358,114612
4/14/2021,Italy,13439,3793033,476,115088
4/15/2021,Italy,16160,3809193,469,115557
4/16/2021,Italy,16963,3826156,380,115937
4/17/2021,Italy,15923,3842079,429,116366
4/18/2021,Italy,15364,3857443,310,116676
4/19/2021,Italy,12688,3870131,251,116927
4/20/2021,Italy,8863,3878994,316,117243
4/21/2021,Italy,12069,3891063,390,117633
4/22/2021,Italy,13836,3904899,364,117997
4/23/2021,Italy,16046,3920945,360,118357
4/24/2021,Italy,14758,3935703,342,118699
4/25/2021,Italy,13814,3949517,322,119021
4/26/2021,Italy,13157,3962674,217,119238
4/27/2021,Italy,8440,3971114,301,119539
4/28/2021,Italy,10398,3981512,373,119912
12/24/2020,Latvia,1145,33484,20,479
12/25/2020,Latvia,1270,34754,7,486
12/26/2020,Latvia,666,35420,16,502
12/27/2020,Latvia,399,35819,13,515
12/28/2020,Latvia,511,36330,44,559
12/29/2020,Latvia,508,36838,19,578
12/30/2020,Latvia,838,37676,25,603
12/31/2020,Latvia,1367,39043,23,626
1/1/2021,Latvia,1861,40904,9,635
1/2/2021,Latvia,711,41615,9,644
1/3/2021,Latvia,314,41929,24,668
1/4/2021,Latvia,568,42497,12,680
1/5/2021,Latvia,621,43118,12,692
1/6/2021,Latvia,824,43942,30,722
1/7/2021,Latvia,1229,45171,32,754
1/8/2021,Latvia,1374,46545,36,790
1/9/2021,Latvia,1237,47782,11,801
1/10/2021,Latvia,1170,48952,17,818
1/11/2021,Latvia,616,49568,31,849
1/12/2021,Latvia,331,49899,15,864
1/13/2021,Latvia,878,50777,18,882
1/14/2021,Latvia,1255,52032,27,909
1/15/2021,Latvia,950,52982,11,920
1/16/2021,Latvia,1084,54066,0,920
1/17/2021,Latvia,1031,55097,41,961
1/18/2021,Latvia,567,55664,17,978
1/19/2021,Latvia,244,55908,5,983
1/20/2021,Latvia,812,56720,29,1012
1/21/2021,Latvia,1088,57808,20,1032
1/22/2021,Latvia,902,58710,25,1057
1/23/2021,Latvia,876,59586,19,1076
1/24/2021,Latvia,910,60496,21,1097
1/25/2021,Latvia,512,61008,14,1111
1/26/2021,Latvia,223,61231,3,1114
1/27/2021,Latvia,693,61924,12,1126
1/28/2021,Latvia,1103,63027,12,1138
1/29/2021,Latvia,965,63992,10,1148
1/30/2021,Latvia,931,64923,18,1166
1/31/2021,Latvia,785,65708,14,1180
2/1/2021,Latvia,533,66241,15,1195
2/2/2021,Latvia,411,66652,7,1202
2/3/2021,Latvia,775,67427,17,1219
2/4/2021,Latvia,1231,68658,31,1250
2/5/2021,Latvia,742,69400,31,1281
2/6/2021,Latvia,876,70276,28,1309
2/7/2021,Latvia,1044,71320,18,1327
2/8/2021,Latvia,480,71800,12,1339
2/9/2021,Latvia,288,72088,8,1347
2/10/2021,Latvia,781,72869,16,1363
2/11/2021,Latvia,990,73859,32,1395
2/12/2021,Latvia,842,74701,21,1416
2/13/2021,Latvia,808,75509,15,1431
2/14/2021,Latvia,773,76282,12,1443
2/15/2021,Latvia,424,76706,8,1451
2/16/2021,Latvia,278,76984,17,1468
2/17/2021,Latvia,713,77697,18,1486
2/18/2021,Latvia,946,78643,22,1508
2/19/2021,Latvia,708,79351,13,1521
2/20/2021,Latvia,689,80040,12,1533
2/21/2021,Latvia,1069,81109,5,1538
2/22/2021,Latvia,410,81519,4,1542
2/23/2021,Latvia,274,81793,4,1546
2/24/2021,Latvia,669,82462,24,1570
2/25/2021,Latvia,983,83445,17,1587
2/26/2021,Latvia,813,84258,6,1593
2/27/2021,Latvia,725,84983,8,1601
2/28/2021,Latvia,827,85810,13,1614
3/1/2021,Latvia,376,86186,4,1618
3/2/2021,Latvia,272,86458,3,1621
3/3/2021,Latvia,645,87103,17,1638
3/4/2021,Latvia,919,88022,16,1654
3/5/2021,Latvia,646,88668,12,1666
3/6/2021,Latvia,746,89414,14,1680
3/7/2021,Latvia,595,90009,7,1687
3/8/2021,Latvia,322,90331,8,1695
3/9/2021,Latvia,194,90525,4,1699
3/10/2021,Latvia,472,90997,6,1705
3/11/2021,Latvia,639,91636,21,1726
3/12/2021,Latvia,638,92274,11,1737
3/13/2021,Latvia,632,92906,9,1746
3/14/2021,Latvia,578,93484,11,1757
3/15/2021,Latvia,307,93791,10,1767
3/16/2021,Latvia,166,93957,2,1769
3/17/2021,Latvia,645,94602,8,1777
3/18/2021,Latvia,818,95420,12,1789
3/19/2021,Latvia,482,95902,12,1801
3/20/2021,Latvia,622,96524,10,1811
3/21/2021,Latvia,625,97149,10,1821
3/22/2021,Latvia,260,97409,5,1826
3/23/2021,Latvia,177,97586,2,1828
3/24/2021,Latvia,508,98094,12,1840
3/25/2021,Latvia,776,98870,11,1851
3/26/2021,Latvia,606,99476,13,1864
3/27/2021,Latvia,638,100114,3,1867
3/28/2021,Latvia,602,100716,5,1872
3/29/2021,Latvia,324,101040,6,1878
3/30/2021,Latvia,167,101207,5,1883
3/31/2021,Latvia,526,101733,10,1893
4/1/2021,Latvia,630,102363,6,1899
4/2/2021,Latvia,638,103001,14,1913
4/3/2021,Latvia,587,103588,9,1922
4/4/2021,Latvia,279,103867,1,1923
4/5/2021,Latvia,238,104105,8,1931
4/6/2021,Latvia,119,104224,3,1934
4/7/2021,Latvia,309,104533,3,1937
4/8/2021,Latvia,643,105176,9,1946
4/9/2021,Latvia,740,105916,17,1963
4/10/2021,Latvia,658,106574,18,1981
4/11/2021,Latvia,666,107240,5,1986
4/12/2021,Latvia,368,107608,0,1986
4/13/2021,Latvia,210,107818,4,1990
4/14/2021,Latvia,537,108355,12,2002
4/15/2021,Latvia,733,109088,17,2019
4/16/2021,Latvia,643,109731,11,2030
4/17/2021,Latvia,612,110343,12,2042
4/18/2021,Latvia,654,110997,6,2048
4/19/2021,Latvia,337,111334,5,2053
4/20/2021,Latvia,202,111536,3,2056
4/21/2021,Latvia,688,112224,15,2071
4/22/2021,Latvia,759,112983,8,2079
4/23/2021,Latvia,578,113561,9,2088
4/24/2021,Latvia,683,114244,6,2094
4/25/2021,Latvia,711,114955,7,2101
4/26/2021,Latvia,361,115316,1,2102
4/27/2021,Latvia,220,115536,4,2106
4/28/2021,Latvia,596,116132,4,2110
12/24/2020,Lithuania,3736,127977,36,1471
12/25/2020,Lithuania,2862,130839,44,1515
12/26/2020,Lithuania,1678,132517,62,1577
12/27/2020,Lithuania,1804,134321,42,1619
12/28/2020,Lithuania,1602,135923,39,1658
12/29/2020,Lithuania,2734,138657,43,1701
12/30/2020,Lithuania,3356,142013,45,1746
12/31/2020,Lithuania,3263,145276,56,1802
1/1/2021,Lithuania,2713,147989,41,1843
1/2/2021,Lithuania,1174,149163,51,1894
1/3/2021,Lithuania,1404,150567,50,1944
1/4/2021,Lithuania,1248,151815,38,1982
1/5/2021,Lithuania,2272,154087,40,2022
1/6/2021,Lithuania,2653,156740,34,2056
1/7/2021,Lithuania,2217,158957,43,2099
1/8/2021,Lithuania,1971,160928,41,2140
1/9/2021,Lithuania,1752,162680,41,2181
1/10/2021,Lithuania,1372,164052,29,2210
1/11/2021,Lithuania,596,164648,43,2253
1/12/2021,Lithuania,1348,165996,34,2287
1/13/2021,Lithuania,1664,167660,38,2325
1/14/2021,Lithuania,1311,168971,33,2358
1/15/2021,Lithuania,1132,170103,35,2393
1/16/2021,Lithuania,1242,171345,34,2427
1/17/2021,Lithuania,703,172048,31,2458
1/18/2021,Lithuania,430,172478,26,2484
1/19/2021,Lithuania,918,173396,22,2506
1/20/2021,Lithuania,1257,174653,25,2531
1/21/2021,Lithuania,1132,175785,39,2570
1/22/2021,Lithuania,1012,176797,36,2606
1/23/2021,Lithuania,1143,177940,34,2640
1/24/2021,Lithuania,647,178587,23,2663
1/25/2021,Lithuania,469,179056,20,2683
1/26/2021,Lithuania,843,179899,17,2700
1/27/2021,Lithuania,1288,181187,29,2729
1/28/2021,Lithuania,932,182119,29,2758
1/29/2021,Lithuania,882,183001,17,2775
1/30/2021,Lithuania,797,183798,25,2800
1/31/2021,Lithuania,677,184475,17,2817
2/1/2021,Lithuania,305,184780,23,2840
2/2/2021,Lithuania,690,185470,20,2860
2/3/2021,Lithuania,728,186198,19,2879
2/4/2021,Lithuania,721,186919,15,2894
2/5/2021,Lithuania,668,187587,24,2918
2/6/2021,Lithuania,697,188284,16,2934
2/7/2021,Lithuania,386,188670,16,2950
2/8/2021,Lithuania,275,188945,17,2967
2/9/2021,Lithuania,503,189448,15,2982
2/10/2021,Lithuania,529,189977,15,2997
2/11/2021,Lithuania,627,190604,23,3020
2/12/2021,Lithuania,536,191140,21,3041
2/13/2021,Lithuania,623,191763,17,3058
2/14/2021,Lithuania,385,192148,16,3074
2/15/2021,Lithuania,221,192369,12,3086
2/16/2021,Lithuania,481,192850,13,3099
2/17/2021,Lithuania,381,193231,20,3119
2/18/2021,Lithuania,495,193726,13,3132
2/19/2021,Lithuania,680,194406,15,3147
2/20/2021,Lithuania,604,195010,15,3162
2/21/2021,Lithuania,481,195491,12,3174
2/22/2021,Lithuania,264,195755,8,3182
2/23/2021,Lithuania,505,196260,8,3190
2/24/2021,Lithuania,652,196912,13,3203
2/25/2021,Lithuania,556,197468,9,3212
2/26/2021,Lithuania,651,198119,14,3226
2/27/2021,Lithuania,670,198789,9,3235
2/28/2021,Lithuania,356,199145,9,3244
3/1/2021,Lithuania,253,199398,9,3253
3/2/2021,Lithuania,427,199825,10,3263
3/3/2021,Lithuania,524,200349,18,3281
3/4/2021,Lithuania,535,200884,13,3294
3/5/2021,Lithuania,451,201335,9,3303
3/6/2021,Lithuania,464,201799,18,3321
3/7/2021,Lithuania,415,202214,7,3328
3/8/2021,Lithuania,216,202430,8,3336
3/9/2021,Lithuania,470,202900,5,3341
3/10/2021,Lithuania,486,203386,10,3351
3/11/2021,Lithuania,606,203992,12,3363
3/12/2021,Lithuania,364,204356,10,3373
3/13/2021,Lithuania,598,204954,16,3389
3/14/2021,Lithuania,431,205385,7,3396
3/15/2021,Lithuania,259,205644,14,3410
3/16/2021,Lithuania,646,206290,6,3416
3/17/2021,Lithuania,599,206889,11,3427
3/18/2021,Lithuania,580,207469,15,3442
3/19/2021,Lithuania,579,208048,10,3452
3/20/2021,Lithuania,602,208650,12,3464
3/21/2021,Lithuania,361,209011,12,3476
3/22/2021,Lithuania,329,209340,10,3486
3/23/2021,Lithuania,862,210202,15,3501
3/24/2021,Lithuania,809,211011,9,3510
3/25/2021,Lithuania,793,211804,11,3521
3/26/2021,Lithuania,872,212676,8,3529
3/27/2021,Lithuania,771,213447,10,3539
3/28/2021,Lithuania,494,213941,12,3551
3/29/2021,Lithuania,424,214365,9,3560
3/30/2021,Lithuania,851,215216,6,3566
3/31/2021,Lithuania,903,216119,8,3574
4/1/2021,Lithuania,886,217005,9,3583
4/2/2021,Lithuania,860,217865,11,3594
4/3/2021,Lithuania,1013,218878,8,3602
4/4/2021,Lithuania,833,219711,7,3609
4/5/2021,Lithuania,501,220212,6,3615
4/6/2021,Lithuania,688,220900,8,3623
4/7/2021,Lithuania,1120,222020,12,3635
4/8/2021,Lithuania,1107,223127,12,3647
4/9/2021,Lithuania,1182,224309,13,3660
4/10/2021,Lithuania,999,225308,11,3671
4/11/2021,Lithuania,865,226173,16,3687
4/12/2021,Lithuania,610,226783,10,3697
4/13/2021,Lithuania,1106,227889,16,3713
4/14/2021,Lithuania,1371,229260,5,3718
4/15/2021,Lithuania,1202,230462,12,3730
4/16/2021,Lithuania,1139,231601,9,3739
4/17/2021,Lithuania,1228,232829,12,3751
4/18/2021,Lithuania,802,233631,9,3760
4/19/2021,Lithuania,601,234232,10,3770
4/20/2021,Lithuania,1151,235383,15,3785
4/21/2021,Lithuania,1150,236533,17,3802
4/22/2021,Lithuania,1417,237950,16,3818
4/23/2021,Lithuania,1313,239263,15,3833
4/24/2021,Lithuania,1259,240522,8,3841
4/25/2021,Lithuania,775,241297,7,3848
4/26/2021,Lithuania,575,241872,9,3857
4/27/2021,Lithuania,1054,242926,20,3877
4/28/2021,Lithuania,1629,244555,23,3900
12/24/2020,Romania,5459,604251,130,14766
12/25/2020,Romania,4310,608561,146,14912
12/26/2020,Romania,3812,612373,101,15013
12/27/2020,Romania,1387,613760,95,15108
12/28/2020,Romania,2049,615809,122,15230
12/29/2020,Romania,2620,618429,104,15334
12/30/2020,Romania,4637,623066,135,15469
12/31/2020,Romania,4875,627941,127,15596
1/1/2021,Romania,4322,632263,171,15767
1/2/2021,Romania,3938,636201,74,15841
1/3/2021,Romania,1194,637395,78,15919
1/4/2021,Romania,3034,640429,60,15979
1/5/2021,Romania,3130,643559,78,16057
1/6/2021,Romania,4729,648288,121,16178
1/7/2021,Romania,5719,654007,121,16299
1/8/2021,Romania,4951,658958,111,16410
1/9/2021,Romania,4821,663779,96,16506
1/10/2021,Romania,4423,668202,86,16592
1/11/2021,Romania,3082,671284,62,16654
1/12/2021,Romania,1987,673271,71,16725
1/13/2021,Romania,3697,676968,156,16881
1/14/2021,Romania,4424,681392,88,16969
1/15/2021,Romania,3525,684917,66,17035
1/16/2021,Romania,3353,688270,63,17098
1/17/2021,Romania,3218,691488,66,17164
1/18/2021,Romania,2156,693644,57,17221
1/19/2021,Romania,1509,695153,50,17271
1/20/2021,Romania,2745,697898,98,17369
1/21/2021,Romania,3000,700898,116,17485
1/22/2021,Romania,2878,703776,69,17554
1/23/2021,Romania,2699,706475,74,17628
1/24/2021,Romania,2719,709194,94,17722
1/25/2021,Romania,1816,711010,54,17776
1/26/2021,Romania,1551,712561,65,17841
1/27/2021,Romania,2877,715438,97,17938
1/28/2021,Romania,3174,718612,77,18015
1/29/2021,Romania,2901,721513,90,18105
1/30/2021,Romania,2737,724250,91,18196
1/31/2021,Romania,2668,726918,68,18264
2/1/2021,Romania,1825,728743,71,18335
2/2/2021,Romania,1313,730056,67,18402
2/3/2021,Romania,2676,732732,111,18513
2/4/2021,Romania,2752,735484,87,18600
2/5/2021,Romania,2668,738152,75,18675
2/6/2021,Romania,2580,740732,73,18748
2/7/2021,Romania,2611,743343,61,18809
2/8/2021,Romania,1975,745318,72,18881
2/9/2021,Romania,1319,746637,80,18961
2/10/2021,Romania,2797,749434,95,19056
2/11/2021,Romania,3048,752482,79,19135
2/12/2021,Romania,2644,755126,65,19200
2/13/2021,Romania,2550,757676,77,19277
2/14/2021,Romania,2415,760091,48,19325
2/15/2021,Romania,1872,761963,41,19366
2/16/2021,Romania,1331,763294,79,19445
2/17/2021,Romania,2676,765970,81,19526
2/18/2021,Romania,2815,768785,62,19588
2/19/2021,Romania,3058,771843,71,19659
2/20/2021,Romania,2712,774555,79,19738
2/21/2021,Romania,2721,777276,57,19795
2/22/2021,Romania,2419,779695,52,19847
2/23/2021,Romania,1634,781329,47,19894
2/24/2021,Romania,3382,784711,119,20013
2/25/2021,Romania,3337,788048,73,20086
2/26/2021,Romania,3923,791971,81,20167
2/27/2021,Romania,3761,795732,66,20233
2/28/2021,Romania,3432,799164,54,20287
3/1/2021,Romania,2830,801994,63,20350
3/2/2021,Romania,2096,804090,53,20403
3/3/2021,Romania,3950,808040,106,20509
3/4/2021,Romania,4278,812318,77,20586
3/5/2021,Romania,4271,816589,98,20684
3/6/2021,Romania,4342,820931,101,20785
3/7/2021,Romania,4064,824995,69,20854
3/8/2021,Romania,3288,828283,46,20900
3/9/2021,Romania,2280,830563,63,20963
3/10/2021,Romania,4989,835552,93,21056
3/11/2021,Romania,4564,840116,100,21156
3/12/2021,Romania,5236,845352,96,21252
3/13/2021,Romania,5010,850362,108,21360
3/14/2021,Romania,4964,855326,79,21439
3/15/2021,Romania,4383,859709,44,21483
3/16/2021,Romania,2972,862681,82,21565
3/17/2021,Romania,6118,868799,133,21698
3/18/2021,Romania,6186,874985,89,21787
3/19/2021,Romania,6174,881159,90,21877
3/20/2021,Romania,5593,886752,143,22020
3/21/2021,Romania,6096,892848,112,22132
3/22/2021,Romania,4267,897115,76,22208
3/23/2021,Romania,3743,900858,60,22268
3/24/2021,Romania,6149,907007,174,22442
3/25/2021,Romania,6136,913143,137,22579
3/26/2021,Romania,6651,919794,140,22719
3/27/2021,Romania,6516,926310,116,22835
3/28/2021,Romania,5869,932179,162,22997
3/29/2021,Romania,4439,936618,117,23114
3/30/2021,Romania,3825,940443,120,23234
3/31/2021,Romania,6204,946647,175,23409
4/1/2021,Romania,6156,952803,129,23538
4/2/2021,Romania,6115,958918,136,23674
4/3/2021,Romania,5808,964726,145,23819
4/4/2021,Romania,5498,970224,154,23973
4/5/2021,Romania,4151,974375,97,24070
4/6/2021,Romania,3611,977986,120,24190
4/7/2021,Romania,5231,983217,196,24386
4/8/2021,Romania,5407,988624,175,24561
4/9/2021,Romania,4989,993613,172,24733
4/10/2021,Romania,4942,998555,134,24867
4/11/2021,Romania,4310,1002865,139,25006
4/12/2021,Romania,3302,1006167,129,25135
4/13/2021,Romania,2323,1008490,113,25248
4/14/2021,Romania,3883,1012373,193,25441
4/15/2021,Romania,4076,1016449,164,25605
4/16/2021,Romania,3852,1020301,195,25800
4/17/2021,Romania,3264,1023565,137,25937
4/18/2021,Romania,3474,1027039,135,26072
4/19/2021,Romania,2265,1029304,160,26232
4/20/2021,Romania,1768,1031072,149,26381
4/21/2021,Romania,2931,1034003,237,26618
4/22/2021,Romania,3006,1037009,175,26793
4/23/2021,Romania,2989,1039998,150,26943
4/24/2021,Romania,2523,1042521,170,27113
4/25/2021,Romania,2201,1044722,154,27267
4/26/2021,Romania,1542,1046264,127,27394
4/27/2021,Romania,1256,1047520,117,27511
4/28/2021,Romania,2019,1049539,172,27683
12/24/2020,United States of America,195151,18090260,3148,320180
12/25/2020,United States of America,221145,18311405,3347,323527
12/26/2020,United States of America,192095,18503500,2795,326322
12/27/2020,United States of America,145489,18648989,1692,328014
12/28/2020,United States of America,178311,18827300,1296,329310
12/29/2020,United States of America,145513,18972813,1334,330644
12/30/2020,United States of America,174814,19147627,1779,332423
12/31/2020,United States of America,199163,19346790,3366,335789
1/1/2021,United States of America,231427,19578217,3761,339550
1/2/2021,United States of America,228437,19806654,3280,342830
1/3/2021,United States of America,167759,19974413,2423,345253
1/4/2021,United States of America,284312,20258725,2302,347555
1/5/2021,United States of America,211444,20470169,1407,348962
1/6/2021,United States of America,173375,20643544,1791,350753
1/7/2021,United States of America,227369,20870913,3533,354286
1/8/2021,United States of America,299562,21170475,3825,358111
1/9/2021,United States of America,277195,21447670,4176,362287
1/10/2021,United States of America,313516,21761186,3599,365886
1/11/2021,United States of America,248089,22009275,3418,369304
1/12/2021,United States of America,220528,22229803,2071,371375
1/13/2021,United States of America,198788,22428591,1954,373329
1/14/2021,United States of America,217166,22645757,4117,377446
1/15/2021,United States of America,225573,22871330,4076,381522
1/16/2021,United States of America,226608,23097938,3891,385413
1/17/2021,United States of America,246485,23344423,3671,389084
1/18/2021,United States of America,212253,23556676,3557,392641
1/19/2021,United States of America,185383,23742059,1947,394588
1/20/2021,United States of America,142240,23884299,1567,396155
1/21/2021,United States of America,152937,24037236,2280,398435
1/22/2021,United States of America,187919,24225155,4368,402803
1/23/2021,United States of America,188176,24413331,3979,406782
1/24/2021,United States of America,190994,24604325,3885,410667
1/25/2021,United States of America,170883,24775208,3416,414083
1/26/2021,United States of America,141691,24916899,1921,416004
1/27/2021,United States of America,133409,25050308,1885,417889
1/28/2021,United States of America,148533,25198841,3681,421570
1/29/2021,United States of America,155203,25354044,4100,425670
1/30/2021,United States of America,158153,25512197,3982,429652
1/31/2021,United States of America,164415,25676612,3521,433173
2/1/2021,United States of America,141327,25817939,2878,436051
2/2/2021,United States of America,112129,25930068,1913,437964
2/3/2021,United States of America,125444,26055512,1866,439830
2/4/2021,United States of America,116762,26172274,3426,443256
2/5/2021,United States of America,120876,26293150,3748,447004
2/6/2021,United States of America,124866,26418016,5182,452186
2/7/2021,United States of America,129961,26547977,3549,455735
2/8/2021,United States of America,106988,26654965,2809,458544
2/9/2021,United States of America,91412,26746377,1449,459993
2/10/2021,United States of America,86449,26832826,1617,461610
2/11/2021,United States of America,90930,26923756,2802,464412
2/12/2021,United States of America,97134,27020890,3639,468051
2/13/2021,United States of America,101693,27122583,3584,471635
2/14/2021,United States of America,99024,27221607,5512,477147
2/15/2021,United States of America,87896,27309503,3317,480464
2/16/2021,United States of America,28313,27337816,1312,481776
2/17/2021,United States of America,95902,27433718,1213,482989
2/18/2021,United States of America,57856,27491574,1390,484379
2/19/2021,United States of America,69069,27560643,2591,486970
2/20/2021,United States of America,68191,27628834,2381,489351
2/21/2021,United States of America,73240,27702074,2543,491894
2/22/2021,United States of America,70973,27773047,2082,493976
2/23/2021,United States of America,55323,27828370,1299,495275
2/24/2021,United States of America,55190,27883560,1575,496850
2/25/2021,United States of America,71778,27955338,2167,499017
2/26/2021,United States of America,73477,28028815,2397,501414
2/27/2021,United States of America,73351,28102166,3240,504654
2/28/2021,United States of America,72812,28174978,2106,506760
3/1/2021,United States of America,69613,28244591,1824,508584
3/2/2021,United States of America,50218,28294809,1061,509645
3/3/2021,United States of America,50776,28345585,1279,510924
3/4/2021,United States of America,57831,28403416,2147,513071
3/5/2021,United States of America,65320,28468736,1942,515013
3/6/2021,United States of America,66262,28534998,1835,516848
3/7/2021,United States of America,67213,28602211,2227,519075
3/8/2021,United States of America,57269,28659480,1676,520751
3/9/2021,United States of America,41486,28700966,874,521625
3/10/2021,United States of America,126229,28827195,859,522484
3/11/2021,United States of America,52732,28879927,1502,523986
3/12/2021,United States of America,60322,28940249,1512,525498
3/13/2021,United States of America,60312,29000561,1570,527068
3/14/2021,United States of America,62840,29063401,1388,528456
3/15/2021,United States of America,52261,29115662,1073,529529
3/16/2021,United States of America,40230,29155892,585,530114
3/17/2021,United States of America,52998,29208890,748,530862
3/18/2021,United States of America,51882,29260772,993,531855
3/19/2021,United States of America,56790,29317562,1116,532971
3/20/2021,United States of America,58826,29376388,1513,534484
3/21/2021,United States of America,61382,29437770,1524,536008
3/22/2021,United States of America,60228,29497998,773,536781
3/23/2021,United States of America,39165,29537163,479,537260
3/24/2021,United States of America,57686,29594849,992,538252
3/25/2021,United States of America,58755,29653604,775,539027
3/26/2021,United States of America,65326,29718930,1293,540320
3/27/2021,United States of America,69589,29788519,1403,541723
3/28/2021,United States of America,71187,29859706,1280,543003
3/29/2021,United States of America,61893,29921599,867,543870
3/30/2021,United States of America,46865,29968464,560,544430
3/31/2021,United States of America,64599,30033063,621,545051
4/1/2021,United States of America,62713,30095776,838,545889
4/2/2021,United States of America,68409,30164185,1055,546944
4/3/2021,United States of America,74507,30238692,940,547884
4/4/2021,United States of America,65770,30304462,2655,550539
4/5/2021,United States of America,67554,30372016,852,551391
4/6/2021,United States of America,41108,30413124,378,551769
4/7/2021,United States of America,62750,30475874,356,552125
4/8/2021,United States of America,65126,30541000,803,552928
4/9/2021,United States of America,74849,30615849,873,553801
4/10/2021,United States of America,76377,30692226,982,554783
4/11/2021,United States of America,80631,30772857,929,555712
4/12/2021,United States of America,67554,30840411,813,556525
4/13/2021,United States of America,48354,30888765,328,556853
4/14/2021,United States of America,62801,30951566,587,557440
4/15/2021,United States of America,78134,31029700,798,558238
4/16/2021,United States of America,73306,31103006,772,559010
4/17/2021,United States of America,73932,31176938,937,559947
4/18/2021,United States of America,73697,31250635,911,560858
4/19/2021,United States of America,61306,31311941,758,561616
4/20/2021,United States of America,38084,31350025,305,561921
4/21/2021,United States of America,57164,31407189,534,562455
4/22/2021,United States of America,60383,31467572,769,563224
4/23/2021,United States of America,62642,31530214,867,564091
4/24/2021,United States of America,63206,31593420,850,564941
4/25/2021,United States of America,63216,31656636,868,565809
4/26/2021,United States of America,51809,31708445,731,566540
4/27/2021,United States of America,34469,31742914,302,566842
4/28/2021,United States of America,40461,31783375,485,567327
4/29/2021,United States of America,51939,31835314,644,567971
